0 1
0 2
0 4
0 8
0 10
0 20
0 40
0 80
0 100
0 200
0 400
0 800
0 1000
0 2000
0 4000
0 8000
0 10000
0 20000
0 40000
0 80000
0 100000
0 200000
0 400000
0 800000
0 1000000
0 2000000
0 4000000
0 8000000
0 10000000
0 20000000
0 40000000
0 80000000
1 0
2 0
4 0
8 0
10 0
20 0
40 0
80 0
100 0
200 0
400 0
800 0
1000 0
2000 0
4000 0
8000 0
10000 0
20000 0
40000 0
80000 0
100000 0
200000 0
400000 0
800000 0
1000000 0
2000000 0
4000000 0
8000000 0
10000000 0
20000000 0
40000000 0
80000000 0
0 6
0 c
0 18
0 30
0 60
0 c0
0 180
0 300
0 600
0 c00
0 1800
0 3000
0 6000
0 c000
0 18000
0 30000
0 60000
0 c0000
0 180000
0 300000
0 600000
0 c00000
0 1800000
0 3000000
0 6000000
0 c000000
0 18000000
0 30000000
0 60000000
0 c0000000
1 80000000
3 0
6 0
c 0
18 0
30 0
